ABCDEFGHIJKLMNOPQRSTUVWX
00: 0000 1100 0001 0011 0101 0101 (x5, Training)
05: 0000 1010 0100 0111 0101 0101 (x3)
08: 1000 0100 1101 0011 1000 1101 (x2)
10: 0010 1110 0001 0111 1101 0010 (x3)
13: 0000 1100 0000 0011 0101 0101 (x2)
15: 0000 0100 0000 1011 0101 0101
16: 0000 1010 0100 0111 1110 0001 (x3)
19: 0000 1100 0000 0011 0101 0101
20: 0000 1110 0000 0011 0101 0101
21: 0000 1100 0101 0011 0101 0101 (x3)
24: 0000 1110 0101 0011 0101 0101 (x2)
26: 0000 1110 0101 0011 1111 0110
27: 0010 1000 0100 1111 0101 0101 (x2)
29: 0000 1110 0001 0111 1110 0001 (x2)
31: 0010 1110 0001 0111 1110 0001
32: 0000 1110 0001 0111 1101 0010
33: 0010 0100 0000 0011 0101 0001
34: 0010 0000 0001 0011 0101 0001
35: 0000 0110 0001 0111 1101 0010 (x2)
37: 0010 0100 0001 0011 0110 0001
38: 0000 1110 0001 0011 0101 0101 (x2)
40: 0000 1110 0001 0011 1111 0101
41: 0000 1110 0001 0011 0101 0101
42: 0000 1100 0010 1011 0101 0101 (x33)
    ABCD EFGH IJKL MNOP QRST UVWX

K: indicate that the background map has not the same format (fixed size)?